```
               0707 0000 0707 0000 0707 0707 0000 0000 0707 0000 0000 0707 0707 0000 0707 0000
               0007 0000 0077 0007 0000 0007 0707 0007 0000 0707 0007 0000 0707 0000 0707 0000
               0007 0707 0077 0007 0000 0007 0707 0007 0000 0707 0007 0000 0707 0000 0707 0000
               0007 0707 0077 0007 0000 0007 0707 0007 0000 0707 0007 0000 0707 0000 0707 0000
               0007 0707 0707 0000 0000 0007 0707 0007 0000 0707 0007 0000 0707 0000 0707 0000
               0007 0000 0007 0000 0707 0007 0707 0007 0000 0707 0007 0000 0707 0000 0707 0000
               0707 0000 0707 0000 0707 0007 0707 0007 0000 0707 0007 0000 0707 0000 0707 0000
               0007 0000 0007 0700 0000 0007 0007 0007 0000 0707 0007 0000 0707 0000 0707 0000
               0007 0000 0007 0000 0000 0707 0007 0007 0000 0707 0007 0000 0707 0000 0707 0000
               0007 0000 0007 0700 0000 0007 0007 0007 0000 0707 0007 0007 0707 0000 0707 0000
               0707 0000 0707 0000 0000 0707 0007 0007 0000 0707 0007 0007 0707 0000 0707 0000
               0000 0000 0007 0700 0000 0007 0007 0007 0000 0007 0000 0770 0000 0007 0007 0000
               0000 0707 0007 0007 0000 0707 0007 0007 0700 0007 0000 0077 0007 0000 0007 0000
               0000 0007 0007 0007 0000 0707 0007 0700 0007 0007 0007 0007 0007 0000 0007 0000
               0707 0000 0007 0007 0000 0007 0707 0707 0007 0007 0007 0007 0007 0000 0707 0000
               0000 0707 0007 0007 0700 0007 0007 0007 0007 0007 0007 0007 0000 0007 0000 0700
               0000 0007 0007 0007 0007 0000 0007 0007 0007 0007 0007 0007 0007 0707 0007 0007
               0007 0707 0000 0007 0007 0000 0707 0007 0007 0007 0000 0000 0707 0007 0000 0077
               0000 0000 0707 0000 0000 0707 0007 0707 0007 0700 0000 0000 0007 0000 0700 0000
               0707 0000 0707 0000 0707 0007 0007 0000 0007 0007 0700 0000 0007 0707 0007 0000
               0007 0707 0000 0007 0007 0000 0707 0007 0000 0007 0007 0700 0700 0000 0707 0000
               0007 0007 0007 0007 0007 0007 0007 0000 0007 0007 0000 0000 0007 0007 0007 0000
               0707 0000 0707 0000 0707 0707 0007 0007 0007 0007 0000 0007 0707 0007 0007 0700
               0007 0007 0000 0007 0007 0000 0707 0007 0000 0007 0707 0707 0707 0007 0007 0000
               0007 0000 0007 0000 0000 0007 0000 0000 0007 0007 0000 0000 0007 0000 0007 0000
               0000 0000 0000 0000 0000 0000 0000 0000 0000 0000 0000 0000 0000 0000 0000 0000
```
'2023' is a nuanced commentary on the societal and political events that are shaping our future. Through a mix of thought-provoking visuals and surreal symbolism, the piece challenges viewers to question their own beliefs and the systems that govern us. It also delves into the aspects of technology and progress, exploring our existential relationship with these powerful forces. Ultimately, '2023' serves as a cautionary tale about the dangers of blindly following societal norms and prompts the audience to contemplate their own path forward.