[38;5;15;48;5;17m_____________________________
[38;5;15;48;5;17m/[38;5;118;48;5;17m░[38;5;118;48;5;17m░[38;5;118;48;5;17m░[38;5;118;48;5;17m░[38;5;118;48;5;17m░[38;5;118;48;5;17m░[38;5;118;48;5;17m░[38;5;94;48;5;17m▄[38;5;88;48;5;17m▄[38;5;88;48;5;17m▄[38;5;88;48;5;17m▄[38;5;240;48;5;17m▄[38;5;240;48;5;17m▄[38;5;240;48;5;17m▄[38;5;240;48;5;17m▄[38;5;240;48;5;17m▄[38;5;240;48;5;17m▄ [38;5;15;48;5;17m/|
[38;5;15;48;5;17m|[38;5;15;48;5;17m|[38;5;118;48;5;17m██[38;5;118;48;5;17m██[38;5;118;48;5;17m██[38;5;118;48;5;17m██[38;5;118;48;5;17m██[38;5;240;48;5;17m▀[38;5;240;48;5;17m▀[38;5;240;48;5;17m▀[38;5;240;48;5;17m▀[38;5;240;48;5;17m▀[38;5;240;48;5;17m▀[38;5;240;48;5;17m▀[38;5;240;48;5;17m▀[38;5;240;48;5;17m▀[38;5;240;48;5;17m▀[38;5;240;48;5;17m▀ [38;5;15;48;5;17m|
[38;5;15;48;5;17m|[38;5;15;48;5;17m|[38;5;118;48;5;17m████████████████[38;5;240;48;5;17m▄[38;5;240;48;5;17m▄[38;5;240;48;5;17m▄[38;5;240;48;5;17m▄[38;5;240;48;5;17m▄[38;5;240;48;5;17m▄[38;5;240;48;5;17m▄[38;5;240;48;5;17m▄[38;5;240;48;5;17m▄[38;5;240;48;5;17m▄[38;5;240;48;5;17m▄ [38;5;15;48;5;17m|
[38;5;15;48;5;17m|[38;5;15;48;5;17m|[38;5;15;48;5;17m|[38;5;118;48;5;17m████████████████[38;5;240;48;5;17m▀[38;5;240;48;5;17m▀[38;5;240;48;5;17m▀[38;5;240;48;5;17m▀[38;5;240;48;5;17m▀[38;5;240;48;5;17m▀[38;5;240;48;5;17m▀[38;5;240;48;5;17m▀[38;5;240;48;5;17m▀[38;5;240;48;5;17m▀[38;5;240;48;5;17m▀ [38;5;15;48;5;17m|
[38;5;15;48;5;17m|[38;5;15;48;5;17m|[38;5;15;48;5;17m|[38;5;15;48;5;17m|[38;5;118;48;5;17m████████████████████[38;5;240;48;5;17m▄[38;5;240;48;5;17m▄[38;5;240;48;5;17m▄[38;5;240;48;5;17m▄ [38;5;15;48;5;17m|
[38;5;15;48;5;17m|[38;5;15;48;5;17m|[38;5;15;48;5;17m|[38;5;15;48;5;17m|[38;5;15;48;5;17m|[38;5;15;48;5;17m|[38;5;118;48;5;17m████████████████████████[38;5;240;48;5;17m▀[38;5;240;48;5;17m▀[38;5;240;48;5;17m▀ [38;5;15;48;5;17m|
[38;5;15;48;5;17m|[38;5;15;48;5;17m|[38;5;15;48;5;17m|[38;5;15;48;5;17m|[38;5;15;48;5;17m|[38;5;15;48;5;17m|[38;5;15;48;5;17m|[38;5;118;48;5;17m██████████████████[38;5;240;48;5;17m▄[38;5;240;48;5;17m▄ [38;5;15;48;5;17m|
[38;5;15;48;5;17m|[38;5;15;48;5;17m|[38;5;15;48;5;17m|[38;5;15;48;5;17m|[38;5;15;48;5;17m|[38;5;118;48;5;17m████████████████████████████[38;5;240;48;5;17m▀ [38;5;15;48;5;17m|
[38;5;15;48;5;17m|[38;5;15;48;5;17m|[38;5;15;48;5;17m|[38;5;15;48;5;17m|[38;5;118;48;5;17m████████████████████████████████ [38;5;15;48;5;17m|
[38;5;15;48;5;17m|[38;5;15;48;5;17m|[38;5;15;48;5;17m|[38;5;15;48;5;17m|[38;5;15;48;5;17m|[38;5;118;48;5;17m████████████████████████████████ [38;5;15;48;5;17m|
[38;5;15;48;5;17m-----------------------------[38;5;118;48;5;17m████████████████████████████████ [38;5;15;48;5;17m|
[38;5;15;48;5;17m/[38;5;15;48;5;17m|[38;5;15;48;5;17m|[38;5;15;48;5;17m|[38;5;15;48;5;17m|[38;5;15;48;5;17m|[38;5;15;48;5;17m|[38;5;118;48;5;17m████████████████████████████████ 
'sansGato' is a postmodern deconstruction of traditional art, blending elements of surrealism and minimalism. It challenges the conventional notion of form and meaning by eliminating all figurative elements and reducing the piece to a simple, abstract shape - a circle. The absence of a subject invites the viewer to question the concept of reality and the boundaries between art and nothingness. Through its elegant simplicity, 'sansGato' sparks a thought-provoking conversation on the essence of art and our perception of it.