93,27   93,98    93,27                                                       63,27 93,27 63,27Venere di Urbino
93,27   93,98        93,65  93,41 93,65   93,41 93,65 93,27                                               63,27   93,27 63,27 for XEROS
93,27  93,98       93,41 93,28 93,41   93,28  93,41  93,28 93,65 93,27                                                            
93,27 93,98     00,97 93,28  93,41 93,77    93,65    93,41 93,65  93,27                                                           
93,27 93,98  00,97 93,98  00,97  93,28   93,77    93,65 93,82 93,24 93,77 93,65  93,27                                                           
93,27 93,98  00,97 00,95 93,98  00,97 93,53 93,41 93,28 93,65  93,82 93,24 93,77 93,65 93,77  93,65   93,27                                                          
93,27 93,98  00,97 00,95   00,97 93,53 93,41 93,28  93,65 93,77   93,65  93,64 93,65     93,27                                                        
93,27 93,98  00,97 00,95 00,97   93,98 93,53  93,28 93,65 93,77  93,65 93,64  93,77  93,65     93,27                                                       
93,27 93,98  00,97 00,95 93,98   00,97  93,53 93,28  93,65       93,77 93,65       93,53   93,65 93,77   93,76 93,65 93,27     93,77    93,27                                  
93,27  93,98  93,97 00,95 93,98  93 93,28  93,53  93,41 93,53 93,41 93,53  93,77   93,65        93,77      93,65    93,77        93,65      93,27                           
93,27   93,98 93,97 00,95 93,98 93 93,77  93,53   93,41 93,53 93,41  93,53 93,77        93,65     93,77    93,65    93,77 93,65  93,77       93,65   93,77              93,27              
93,27   00,95 93,97 00,95 93,77     93,53   93,28 93,53   93,77        93,76 93,77  93,65  93,77            93,65  93,41 93,77      93,65  93,77                     93,27     
93,27   93,97  00,95 93,77 93,65           93,77     93,65  93,77   93,65  93,77         93,65 93,77    93,65 93,53 93,41 93,77  93,65 93,77   93,53 93,26 93,77                        93,27 
93,27 93,97   93,77          93,28 93,77  93,65   93,77     93,65   93,77                93,65 93,53 93,41  93,77 93,65 93,77 93,65 93,77 93,65  93,77                         
93,97    93,77         93,28 93,77      93,65 93,75  93,77                    93,65  93,53 93,41  93,53 93,65                 93,77              
93,97   93,77           93,28 93,77 93,23 93,77     93,23 93,75 93,77                93,65     93,41 93,77               93,65           93,77        
93,97  93,98 93,97     93,98      93,96 93,23  93,77  93,23 93,77 93,23 93,75 93,23 93,65     93,77      93,65        93,77                      93,65   93,41   93,65    93,77     
93,97  93,98     93,97  93,96    93,98 93,96 93,23 93,75  93,77 93,23  93,75 93,23 93,95   93,65     93,77     93,65   93,77                         93,65     93,41     93,65    93,77  
93,97  93,98        93,96    93,97  93,23 93,96  93,23  93,98  93,96   93,95    93,65    93,77                            93,65    93,41            93,65  
93,29     93,98    93,96    93,29   93,97  93,96  93,98     93,95 93,96  93,95     93,65       93,77                 93,65      93,95      93,53        93,95   
93,29      93,40   93,29 93,40      93,29 93,97  93,96   93,98    93,95 93,96  93,95 93,98  93,95      93,65                     93,95                     
93,29    93,40  93,29 93,40      93,29 93,40    93,97   93,96  93,98     93,96 93,95  93,98                                   93,95 93,98   93,95    93,98    93,95  
93,29   93,40       93,29 93,40     93,29 93,40   93,97  93,96  93,98     93,96 93,95  93,98                                     93,95  93,98     93,95    
93,29   93,28  93,40  93,29 93,40      93,29 93,40  93,28    93,97  93,96  93,98    93,96 93,95   93,98                                  93,97   93,98    93,96 93,97 93,96 93,97 93,95  
93,29   93,28                  93,29 93,97  93,96  93,98    93,96 93,95   93,98                          93,97    93,95  93,97   93,98    93,97 93,96  93,97  93,95  
93,29   93,28 93,40          93,29 93,40    93,28  93,29  93,97  93,96   93,98  93,96   93,97 93,96     93,98       93,96              93,97  93,95   93,97    93,98  93,97 93,96 93,97  93,96 93,97    
93,29    93,40    93,29 93,40         93,29 93,40  93,28   93,97   93,96                              93,97  93,96  93,95  93,96 93,95 93,96  93,97  93,96 93,97    93,96   93,97 93,96 93,97 
93,29  93,28  93,40 93,29 93,40     93,29 93,40   93,29 93,40      93,28    93,29  93,97             93,95  93,97                   93,95  93,97  93,96   93,97    93,96      93,97 
93,29  93,28                       93,29    93,97             93,95  93,97               93,95   93,97  93,95    93,96  93,97  93,96   93,97 93,96  93,97  
28,29ASCIIBIRD.JEWBIRD.LIVE93,29        93,97              93,95  93,97           93,95  93,97    93,95      93,96      L095,97j1k